13432612337
705-635-1167
17055380881
 +1 705-687-3710
17056873710
 +1 705-792-0808
(705) 698-7510
(705) 588-2244
(705) 920-9373
(705) 845-5907
(705) 471-7510
 +1 705-744-0543
 +1 705-920-7096
16137666056
 +1 613 707 7829
(613) 771-9494
(416) 420-7332
(613) 661-3409
(613) 847-3787
(613) 399-1990
(613) 961-8860
(613) 966-0122
(613) 439-8888
16136612370
(416) 948-0746
(613) 827-0694
(613) 743-2882
(613) 393-1307
(613) 968-5482
(613) 771-9222
(613) 966-3675
(613) 968-6757
(613) 475-5995
(613) 922-1056
(613) 902-0293
 +1 888-288-7131
16134755995
(613) 770-8002
(613) 779-6825
(613) 771-0849
(613) 827-8131
(613) 689-8727
(613) 962-2300
(613) 848-1413
(613) 968-5581
(613) 920-5480
(705) 481-1851
705-382-1006
705-384-7337
 +1 705 495 8536
17054764828
17059953888
17059953888
7054724550
17059694409
17055665551
17054954515
17054749999
 +1 800-778-9953
 +1 519-393-6131
17054780614
12493580717
17054957152
17057130404
16474656764
17054953797
17059950671
117059950671
 +1 705-724-2090
16135444067
17054978272
16135493747
(705) 497-1385
16134491446
16135483022
 +1 705-476-5688
17054724660
17054722760
17054747975
18004610171
17054723338
17054766734
17054728844
17052220043
16784023000
17052222772
17055663511
17055232473
17056921810
17055668275
17056923514
18557056205
17055605063
17055249220
118338971804
17052227489
17055669700
17055236000
17059694242
17058559011
17058581422
17056713051
17052223283
17058662546
17054707463
17054707666
17055663820
17056741921
17055614364
17058585396
17055601697
17055664802
17055224129
17055601090
17055667625
17059237109
17055243044
17055861099
17055962599
17056743743
17055669240
17055245366
17059663335
17055666666
17055617112
17055227855
17055227855
17055604600
17058974955
17055665300
17055861870
18883564202
17059694474
17055228891
17055224089
12043388358
17058972560
17055662173
17055229162
17055242701
17056922579
17055227111
17056945551
17058972552
17056262136
17055237400
17058229182
17059781424
17054835073
17055860401
17059692453
17055613846
17055864648
17054703112
17058554588
17056734292
17055867666
17058971970
17056923697
17055241087
17055231111
17052227587
17058456181
16135461133
16137662259
17052223333
17052227907
16139859598
16133840706
16135424492
17054662445
16135424042
16135448080
16133898585
16135073345
16135314167
16133842337
16135332500
16462332184
13433639972
16136343232
16133897994
16138888663
16135480420
16133844243
ph:+1-613-767-2966
16133847409
16135461868
16135479149
16135465483
16135079091
16137701228
16135152157
16135424666
16138935867
16135446696
16136343753
13434770289
16135426878
16135497522
16137676652
16133284947
16133843675
13439983545
16138930029
16139299323
16135072000
16133310955
18004655444
16135444197
18665715839
16134539096
16135461700
17054788500
16135070707
16135481021
16133841800
16133440390
16133894696
16133899607
16136347377
16133890060
116135319581
16135316225
16135444415
16135473262
16135488218
16135463933
17056185685
16133299443
16135466666
16135498160
16132170135
16135449512
16133285262
16137673076
16137663231
16136341241
16135464757
16135445050
16135310404
16137662603
16137677860
16134173331
16135422410
16135487721
16135484222
16135460305
16137669171
16135487218
16135474335
16135464439
16135441230
16135498012
16135490511
16135470587
16139852222
16135484826
16135475730
16135079700
16135411524
16135461922
16133840987
16135325064
16135079909
16135079908
16135446333
16135365255
16135450706
16133842444
16133842444
16134538169
16135411156
14153753176
(613) 389-6709
16135960350
16133896777
16133841700
16133892278
16135459229
16136348588
16136347820
16135317818
13433075467
16135318700
16134539664
16135449419
(888) 577-5274
16135410707
16135332120
16135472041
(613) 547-0587
16135494200
16135473636
16135475128
16133841730
16135429767
16135496424
16135428864
16135423233
16133840011
(613) 634-2693, +1 613-634-2693
16135422777
16135488732
18669876453
18669876453
17056756710
17055623839
14784124442
17052221893
17055863404
17056732443
17056182330
17052228197
17054703044
17055238275
17055228889
17056745825
17055252807
6136863641
18883632827
18007467737
17054788844
19054741336
17054720070
17054728866
17054729231
17054720123
17054970004
17054723000
17054949038
17054932190
18665661422
17054980135
17052225867
17055662121
17054973508
17054744420
17054720510
17054745920
17054786472
17054726700
17054747848
17054787396
17054744636
17054726414
17054745055
17057525853
18882625557
17054762393
17054765141
17054762322
17054729832
17054952611
17058450685
17054975942
17054954736
17054931990
17054901012
17052238245